0.903400 1
0.928000 2
0.925600 3
0.926800 4
0.929600 5
0.931400 6
0.932200 7
0.931200 8
0.930400 9
0.930400 10
0.930400 11
0.930600 12
0.930800 13
0.930800 14
0.931400 15
0.931400 16
0.931400 17
0.931400 18
0.931600 19
0.932000 20
0.932200 21
0.931800 22
0.931800 23
0.931600 24
0.931400 25
0.931400 26
0.931400 27
0.931200 28
0.931200 29
0.931200 30
0.931200 31
0.931200 32
0.931200 33
0.931200 34
0.931200 35
0.931200 36
0.931200 37
0.931200 38
0.931200 39
0.931200 40
0.931200 41
0.931200 42
0.931200 43
0.931200 44
0.931200 45
0.931200 46
0.931200 47
0.931200 48
0.931200 49
0.931200 50
